1.166671738028526306e-01
1.218620389699935913e-01
9.855471551418304443e-02
6.904146820306777954e-02
6.521298736333847046e-02
6.220525875687599182e-02
4.194899648427963257e-02
2.850389480590820312e-02
3.864521533250808716e-02
4.275797680020332336e-02
6.067276373505592346e-02
1.114356443285942078e-01
1.719239205121994019e-01
2.232241481542587280e-01
2.269308865070343018e-01
2.425917983055114746e-01
2.517242431640625000e-01
4.057185351848602295e-01
6.345093250274658203e-01
8.044221997261047363e-01
1.051294445991516113e+00
1.348593711853027344e+00
1.585491776466369629e+00
1.711736202239990234e+00
1.765244245529174805e+00
1.676462650299072266e+00
1.326937556266784668e+00
1.260959506034851074e+00
1.891521096229553223e+00
2.426607370376586914e+00
2.612497329711914062e+00
2.126747131347656250e+00
1.411772251129150391e+00
1.047861099243164062e+00
1.049986004829406738e+00
1.053075671195983887e+00
9.566340446472167969e-01
1.103202104568481445e+00
1.346435070037841797e+00
1.546951293945312500e+00
1.816276192665100098e+00
2.018423080444335938e+00
1.972214460372924805e+00
2.188877344131469727e+00
2.790537118911743164e+00
2.930716037750244141e+00
2.588231086730957031e+00
2.086866140365600586e+00
1.534083724021911621e+00
1.202087283134460449e+00
1.036198258399963379e+00
9.219534397125244141e-01
7.130998969078063965e-01
4.177770614624023438e-01
1.143492162227630615e-01
2.692213095724582672e-02
1.186159159988164902e-02
3.404617309570312500e-03
7.839965983293950558e-04
1.265220693312585354e-03
3.187980735674500465e-03
4.496459849178791046e-03
1.928176847286522388e-03
3.388595650903880596e-04
1.455688470741733909e-04
3.341674891998991370e-05
9.155273232863692101e-07
2.056121884379535913e-04
5.661773611791431904e-04
4.154205380473285913e-04
9.475708066020160913e-05
8.079528925009071827e-05
6.932067917659878731e-04
7.360840099863708019e-04
5.338668706826865673e-04
5.727386451326310635e-04
5.504608270712196827e-04
2.142333978554233909e-04
0.000000000000000000e+00
0.000000000000000000e+00
0.000000000000000000e+00
0.000000000000000000e+00
0.000000000000000000e+00
0.000000000000000000e+00
7.629394360719743418e-08
7.629394360719743418e-08
3.814697180359871709e-08
9.155273232863692101e-07
7.629394360719743418e-08
0.000000000000000000e+00
0.000000000000000000e+00
0.000000000000000000e+00
0.000000000000000000e+00
0.000000000000000000e+00
0.000000000000000000e+00
0.000000000000000000e+00
0.000000000000000000e+00
3.051757744287897367e-07
2.067375171463936567e-04
3.794479416683316231e-04
6.067466456443071365e-04
1.479530328651890159e-04
0.000000000000000000e+00
0.000000000000000000e+00
0.000000000000000000e+00
0.000000000000000000e+00
0.000000000000000000e+00
0.000000000000000000e+00
0.000000000000000000e+00
0.000000000000000000e+00
0.000000000000000000e+00
0.000000000000000000e+00
0.000000000000000000e+00
0.000000000000000000e+00
0.000000000000000000e+00
0.000000000000000000e+00
0.000000000000000000e+00
0.000000000000000000e+00
0.000000000000000000e+00
0.000000000000000000e+00
0.000000000000000000e+00
0.000000000000000000e+00
4.577636616431846051e-07
1.943588285939767957e-04
3.396224929019808769e-04
1.434326168237021193e-05
0.000000000000000000e+00
0.000000000000000000e+00
0.000000000000000000e+00
0.000000000000000000e+00
0.000000000000000000e+00
0.000000000000000000e+00
0.000000000000000000e+00
1.618957467144355178e-04
4.499816859606653452e-04
0.000000000000000000e+00
0.000000000000000000e+00
0.000000000000000000e+00
0.000000000000000000e+00
0.000000000000000000e+00
0.000000000000000000e+00
0.000000000000000000e+00
0.000000000000000000e+00
0.000000000000000000e+00
0.000000000000000000e+00
0.000000000000000000e+00
0.000000000000000000e+00
0.000000000000000000e+00
0.000000000000000000e+00
0.000000000000000000e+00
0.000000000000000000e+00
0.000000000000000000e+00
0.000000000000000000e+00
0.000000000000000000e+00
0.000000000000000000e+00
0.000000000000000000e+00
0.000000000000000000e+00
0.000000000000000000e+00
0.000000000000000000e+00
0.000000000000000000e+00
0.000000000000000000e+00
1.885414167190901935e-05
1.570606254972517490e-04
6.453132373280823231e-04
1.092758146114647388e-03
1.062183408066630363e-03
1.174812321551144123e-03
9.778690291568636894e-04
4.496021196246147156e-03
1.575525291264057159e-02
1.408986095339059830e-02
1.298085227608680725e-02
1.542603503912687302e-02
1.938485167920589447e-02
1.403032336384057999e-02
6.487350445240736008e-03
1.896686502732336521e-03
4.673766961786895990e-04
1.088481862097978592e-02
7.057353854179382324e-02
1.631106138229370117e-01
1.877516508102416992e-01
9.574741125106811523e-02
2.584356255829334259e-02
2.534060552716255188e-02
2.581702172756195068e-02
1.040591206401586533e-02
5.967903416603803635e-04
5.895614594919607043e-05
2.276687650009989738e-03
5.137233529239892960e-03
1.347122248262166977e-03
3.731536853592842817e-04
6.599425978492945433e-05
9.765624781721271574e-06
2.756690955720841885e-04
2.812576422002166510e-04
5.691528349416330457e-05
1.594543391547631472e-05
7.190704309323336929e-06
1.937866181833669543e-05
5.132980179041624069e-03
1.873558014631271362e-02
3.123806044459342957e-02
7.964397221803665161e-02
1.795382350683212280e-01
2.092237025499343872e-01
1.736828684806823730e-01
6.259499490261077881e-02
2.765974029898643494e-02
3.657671064138412476e-02
1.018266454339027405e-01
2.528661489486694336e-01
4.960731267929077148e-01
7.227219939231872559e-01
9.188343882560729980e-01
1.071931004524230957e+00
1.377941250801086426e+00
1.856534719467163086e+00
1.933612227439880371e+00
1.795892000198364258e+00
1.588241934776306152e+00
1.491074800491333008e+00
1.723217606544494629e+00
1.949686288833618164e+00
2.073525428771972656e+00
1.924208998680114746e+00
1.667626619338989258e+00
1.287861466407775879e+00
8.600366711616516113e-01
4.719326794147491455e-01
3.034640550613403320e-01
3.870758414268493652e-01
4.831775724887847900e-01
4.504044353961944580e-01
3.885594308376312256e-01
3.177534937858581543e-01
3.715644478797912598e-01
3.619417548179626465e-01
1.948882639408111572e-01
1.485051363706588745e-01
1.299824565649032593e-01
9.021686762571334839e-02
1.051912680268287659e-01
8.809688687324523926e-02
6.530208885669708252e-02
2.577865682542324066e-02
1.773960143327713013e-02
4.570652171969413757e-02
7.017337530851364136e-02
5.900482088327407837e-02
9.101501107215881348e-02
1.788661926984786987e-01
2.419564127922058105e-01
1.482372730970382690e-01
1.183124184608459473e-01
1.040448397397994995e-01
6.834457069635391235e-02
5.484119430184364319e-02
6.747429072856903076e-02
9.477519989013671875e-02
1.367712020874023438e-01
1.732073277235031128e-01
1.823386698961257935e-01
1.424898505210876465e-01
8.321513980627059937e-02
6.798274815082550049e-02
8.864422142505645752e-02
1.283967643976211548e-01
9.292762726545333862e-02
1.271622478961944580e-01
1.374756991863250732e-01
1.764163225889205933e-01
2.049250006675720215e-01
2.638272047042846680e-01
3.568609654903411865e-01
4.479749202728271484e-01
3.486267328262329102e-01
3.995059728622436523e-01
4.509924650192260742e-01
3.343844115734100342e-01
2.561357021331787109e-01
1.590652465820312500e-01
6.726119667291641235e-02
3.432033583521842957e-02
1.586112938821315765e-02
1.756732910871505737e-02
4.707336425781250000e-03
3.046951256692409515e-03
6.438026204705238342e-03
1.869354280643165112e-03
1.421050983481109142e-03
8.951988071203231812e-03
3.490329906344413757e-02
6.314315646886825562e-02
9.523849189281463623e-02
1.425974667072296143e-01
1.147141233086585999e-01
9.108158200979232788e-02
1.927232742309570312e-01
2.999173998832702637e-01
4.535513222217559814e-01
5.681350231170654297e-01
6.887983083724975586e-01
5.825541019439697266e-01
3.580982089042663574e-01
1.737681925296783447e-01
1.941691190004348755e-01
2.265578061342239380e-01
3.917568325996398926e-01
4.839017391204833984e-01
5.589057207107543945e-01
7.711115479469299316e-01
1.006398797035217285e+00
1.018770337104797363e+00
1.007267475128173828e+00
1.083632469177246094e+00
1.145050883293151855e+00
8.827596902847290039e-01
9.166559576988220215e-01
1.026885867118835449e+00
9.191372394561767578e-01
5.150246024131774902e-01
1.725480258464813232e-01
7.775001227855682373e-02
5.084056779742240906e-02
6.683567166328430176e-02
1.221537813544273376e-01
1.900097727775573730e-01
3.041693866252899170e-01
3.046703338623046875e-01
2.046959698200225830e-01
1.416140794754028320e-01
7.979282736778259277e-02
4.034519195556640625e-02
2.676326781511306763e-02
2.161724120378494263e-02
2.797614969313144684e-02
1.590324379503726959e-02
1.974792452529072762e-03
5.461120745167136192e-04
2.311706521140877157e-05
3.280639793956652284e-05
1.937866181833669543e-05
3.799438491114415228e-05
1.577224698849022388e-03
5.020141543354839087e-05
3.532409755280241370e-05
0.000000000000000000e+00
1.394653372699394822e-04
2.937316821771673858e-05
4.760742303915321827e-04
1.819305471144616604e-03
1.643066410906612873e-03
2.118987962603569031e-03
2.658081066329032183e-04
1.784591702744364738e-03
1.379768364131450653e-02
3.956275805830955505e-02
1.463398039340972900e-01
2.987904250621795654e-01
5.718143582344055176e-01
1.138809680938720703e+00
1.705628156661987305e+00
1.957763314247131348e+00
2.584483385086059570e+00
2.809390783309936523e+00
2.865107536315917969e+00
2.856134653091430664e+00
2.666940689086914062e+00
2.597950220108032227e+00
2.328476905822753906e+00
2.151236057281494141e+00
1.990607023239135742e+00
1.878776431083679199e+00
1.562243700027465820e+00
1.392582654953002930e+00
1.592729210853576660e+00
1.739208698272705078e+00
1.543717384338378906e+00
1.277124285697937012e+00
1.351759672164916992e+00
1.257482886314392090e+00
1.237206101417541504e+00
1.196126580238342285e+00
1.236855268478393555e+00
1.290696144104003906e+00
1.460395097732543945e+00
1.684467434883117676e+00
1.510572195053100586e+00
1.230580806732177734e+00
1.036860942840576172e+00
8.987637162208557129e-01
7.757552862167358398e-01
5.516746044158935547e-01
3.248442113399505615e-01
1.277251392602920532e-01
6.723220646381378174e-02
3.922866657376289368e-02
3.453430160880088806e-02
5.098419263958930969e-03
1.954955980181694031e-03
2.703933743759989738e-03
2.527847187593579292e-03
2.999191172420978546e-03
3.662719624117016792e-03
1.948623685166239738e-03
