1.844170689582824707e-01
1.617250442504882812e-01
1.950074434280395508e-01
2.488480955362319946e-01
2.017070204019546509e-01
1.711981594562530518e-01
1.621444523334503174e-01
1.375171989202499390e-01
1.432483345270156860e-01
1.457476764917373657e-01
1.792864054441452026e-01
2.695637941360473633e-01
3.660855591297149658e-01
4.535387456417083740e-01
5.707084536552429199e-01
7.393926382064819336e-01
8.222019672393798828e-01
7.689650058746337891e-01
7.661851644515991211e-01
8.153486847877502441e-01
8.621311783790588379e-01
8.619983792304992676e-01
8.661282062530517578e-01
9.586324095726013184e-01
1.068403482437133789e+00
1.116023540496826172e+00
1.091226339340209961e+00
1.069742441177368164e+00
1.088616967201232910e+00
1.098505973815917969e+00
1.013438463211059570e+00
8.826648592948913574e-01
7.449479699134826660e-01
6.705911159515380859e-01
6.881329417228698730e-01
6.990422606468200684e-01
7.309768795967102051e-01
7.852717638015747070e-01
8.367588520050048828e-01
8.824898004531860352e-01
8.942677974700927734e-01
9.547454118728637695e-01
9.915121197700500488e-01
1.037265181541442871e+00
1.113231658935546875e+00
1.117683410644531250e+00
9.770337939262390137e-01
7.994914054870605469e-01
6.052499413490295410e-01
4.643197357654571533e-01
3.963780701160430908e-01
3.951750099658966064e-01
3.877379894256591797e-01
3.266866803169250488e-01
2.308871448040008545e-01
1.602761596441268921e-01
9.569543600082397461e-02
4.654559120535850525e-02
1.955215446650981903e-02
5.788183305412530899e-03
3.881802549585700035e-03
6.350164301693439484e-03
6.090955808758735657e-03
3.670577891170978546e-03
2.303829183802008629e-03
8.661937899887561798e-04
1.393508864566683769e-04
2.676391741260886192e-04
2.550363424234092236e-04
3.491020179353654385e-04
4.548454307951033115e-04
5.515957018360495567e-04
7.518148631788790226e-04
4.710388311650604010e-04
2.199173031840473413e-04
2.830457815434783697e-04
4.109573492314666510e-04
2.387523709330707788e-04
2.414703340036794543e-05
8.563994924770668149e-06
5.197524842515122145e-06
1.125335643337166402e-06
1.335144048653091886e-07
9.536742950899679272e-09
4.949569847667589784e-05
2.281713532283902168e-04
7.496833859477192163e-05
2.717971710808342323e-06
1.716613837743352633e-07
0.000000000000000000e+00
0.000000000000000000e+00
3.814697180359871709e-08
0.000000000000000000e+00
0.000000000000000000e+00
0.000000000000000000e+00
0.000000000000000000e+00
1.007080118142766878e-05
1.998710649786517024e-04
4.545354750007390976e-04
4.102993116248399019e-04
3.537416341714560986e-04
6.801128620281815529e-05
0.000000000000000000e+00
0.000000000000000000e+00
0.000000000000000000e+00
0.000000000000000000e+00
0.000000000000000000e+00
0.000000000000000000e+00
0.000000000000000000e+00
0.000000000000000000e+00
0.000000000000000000e+00
1.716613837743352633e-07
0.000000000000000000e+00
0.000000000000000000e+00
0.000000000000000000e+00
0.000000000000000000e+00
0.000000000000000000e+00
0.000000000000000000e+00
0.000000000000000000e+00
1.239776565853389911e-07
4.577636616431846051e-07
4.291534310141287278e-07
2.366065928072202951e-05
2.186203055316582322e-04
2.362155937589704990e-04
5.764007437392137945e-05
2.737045360845513642e-05
2.707481326069682837e-05
2.024650530074723065e-05
2.949714689748361707e-05
9.860992577159777284e-06
1.012516004266217351e-04
1.499862642958760262e-03
7.756805280223488808e-04
6.212806911207735538e-04
3.607368562370538712e-04
3.990459372289478779e-04
3.493690455798059702e-04
5.002975376555696130e-05
1.741886080708354712e-04
3.423690714043914340e-06
0.000000000000000000e+00
0.000000000000000000e+00
2.174377414121408947e-06
4.123687904211692512e-05
1.317596470471471548e-04
1.445865636924281716e-04
8.719444304006174207e-05
4.244804222253151238e-05
2.298355184393585660e-06
0.000000000000000000e+00
9.536742950899679272e-09
9.536742950899679272e-09
0.000000000000000000e+00
1.517105120001360774e-04
9.359932155348360538e-04
2.526950789615511894e-03
2.248039236292243004e-03
1.738386112265288830e-03
2.645897911861538887e-03
3.096222877502441406e-03
4.551921039819717407e-03
2.243518829345703125e-03
1.346716890111565590e-03
1.141748391091823578e-03
2.249715384095907211e-03
6.709492299705743790e-03
1.029233913868665695e-02
1.182339899241924286e-02
1.696085743606090546e-02
1.819966360926628113e-02
1.968519389629364014e-02
2.578581497073173523e-02
2.632019296288490295e-02
2.165772393345832825e-02
1.496981643140316010e-02
8.155517280101776123e-03
7.448466029018163681e-03
1.662807725369930267e-02
5.036927759647369385e-02
8.299888670444488525e-02
1.135866045951843262e-01
1.208980008959770203e-01
9.829538315534591675e-02
8.756636828184127808e-02
8.194699883460998535e-02
7.527059316635131836e-02
1.001718416810035706e-01
9.483873099088668823e-02
8.171898871660232544e-02
6.435041874647140503e-02
4.369714111089706421e-02
2.399446070194244385e-02
1.003814209252595901e-02
7.599287200719118118e-03
3.974103834480047226e-03
2.577209379523992538e-03
1.530442270450294018e-03
2.535252599045634270e-03
3.071656217798590660e-03
2.392630558460950851e-03
3.496251069009304047e-03
1.279398892074823380e-02
2.780829370021820068e-02
5.228194594383239746e-02
7.831453531980514526e-02
9.292344748973846436e-02
9.423439949750900269e-02
1.104788407683372498e-01
1.385660320520401001e-01
2.187930345535278320e-01
3.592964112758636475e-01
5.541050434112548828e-01
7.706912755966186523e-01
8.896011114120483398e-01
9.035739898681640625e-01
9.573555588722229004e-01
1.095041155815124512e+00
1.245431780815124512e+00
1.309809923171997070e+00
1.339018106460571289e+00
1.345711827278137207e+00
1.332870841026306152e+00
1.347956895828247070e+00
1.359872698783874512e+00
1.358517408370971680e+00
1.319483757019042969e+00
1.259895920753479004e+00
1.150287032127380371e+00
1.035556435585021973e+00
8.931364417076110840e-01
8.246781826019287109e-01
7.266060113906860352e-01
6.793437004089355469e-01
6.505685448646545410e-01
6.382102966308593750e-01
5.480260252952575684e-01
4.476555883884429932e-01
4.395053088665008545e-01
3.532832860946655273e-01
2.562242448329925537e-01
2.208450138568878174e-01
1.895280629396438599e-01
1.376246958971023560e-01
1.155575737357139587e-01
1.266747564077377319e-01
1.342245191335678101e-01
1.197214201092720032e-01
1.141979247331619263e-01
9.519867599010467529e-02
8.123996108770370483e-02
9.918932616710662842e-02
1.692245304584503174e-01
2.554711699485778809e-01
3.234202265739440918e-01
4.098016023635864258e-01
2.859009802341461182e-01
2.137936353683471680e-01
2.213897705078125000e-01
2.657931745052337646e-01
3.058077692985534668e-01
2.748341262340545654e-01
2.615965604782104492e-01
2.313717305660247803e-01
1.972298026084899902e-01
1.580419242382049561e-01
1.222541630268096924e-01
1.190078705549240112e-01
2.008382827043533325e-01
2.463194727897644043e-01
2.730264365673065186e-01
2.193829417228698730e-01
2.120540589094161987e-01
2.426205873489379883e-01
2.463897168636322021e-01
2.698968052864074707e-01
3.460271954536437988e-01
3.970476090908050537e-01
4.916907548904418945e-01
5.092191100120544434e-01
5.194198489189147949e-01
4.357674121856689453e-01
2.912949025630950928e-01
2.659876644611358643e-01
2.489426732063293457e-01
1.747805029153823853e-01
1.186793521046638489e-01
8.013010025024414062e-02
7.914423942565917969e-02
1.052634790539741516e-01
1.187760457396507263e-01
1.103604957461357117e-01
1.339755654335021973e-01
1.642518788576126099e-01
1.885458379983901978e-01
1.521787196397781372e-01
1.471772044897079468e-01
1.421819776296615601e-01
1.455358862876892090e-01
1.605344712734222412e-01
1.707362383604049683e-01
2.266578227281570435e-01
3.281413018703460693e-01
3.748866915702819824e-01
3.059937059879302979e-01
2.343828976154327393e-01
1.425243616104125977e-01
1.132914349436759949e-01
1.441729068756103516e-01
2.107227742671966553e-01
2.962216138839721680e-01
3.317101299762725830e-01
4.149702787399291992e-01
4.636159837245941162e-01
4.537302255630493164e-01
4.794788360595703125e-01
5.972279906272888184e-01
6.846380829811096191e-01
6.050519943237304688e-01
5.032448172569274902e-01
4.251718223094940186e-01
3.816739618778228760e-01
2.998498678207397461e-01
2.065562754869461060e-01
1.845793724060058594e-01
2.366508096456527710e-01
2.835209369659423828e-01
3.166679143905639648e-01
3.294433951377868652e-01
3.423462808132171631e-01
2.571732699871063232e-01
1.905879080295562744e-01
1.339610219001770020e-01
7.387232035398483276e-02
3.945595771074295044e-02
3.121586889028549194e-02
3.389302268624305725e-02
2.862381935119628906e-02
1.660798117518424988e-02
5.784139502793550491e-03
7.634410634636878967e-03
5.918750539422035217e-03
2.256278879940509796e-03
5.179519765079021454e-03
1.084556570276618004e-03
4.000206012278795242e-03
9.292392991483211517e-03
1.239840500056743622e-02
2.665978483855724335e-02
3.072283789515495300e-02
1.803422905504703522e-02
1.534414291381835938e-02
8.591203950345516205e-03
3.599624615162611008e-03
6.495323032140731812e-03
1.041841506958007812e-02
2.939542755484580994e-02
8.927209675312042236e-02
1.638455986976623535e-01
2.901190817356109619e-01
5.445711016654968262e-01
8.641262650489807129e-01
1.055401206016540527e+00
1.238531470298767090e+00
1.335160851478576660e+00
1.384885311126708984e+00
1.548881649971008301e+00
1.553817152976989746e+00
1.612037658691406250e+00
1.508534669876098633e+00
1.327939510345458984e+00
1.261573076248168945e+00
1.280477404594421387e+00
1.349557161331176758e+00
1.251381874084472656e+00
1.185152292251586914e+00
1.094669461250305176e+00
1.021139740943908691e+00
9.352187514305114746e-01
9.374627470970153809e-01
9.073179364204406738e-01
9.369939565658569336e-01
9.980674982070922852e-01
1.095409512519836426e+00
1.070426821708679199e+00
9.939420819282531738e-01
9.550911784172058105e-01
9.612071514129638672e-01
1.011137127876281738e+00
9.992734789848327637e-01
8.320435881614685059e-01
6.079595088958740234e-01
4.953080713748931885e-01
4.245190322399139404e-01
3.145191967487335205e-01
2.022388279438018799e-01
1.613676249980926514e-01
1.434234380722045898e-01
1.013533845543861389e-01
5.404093861579895020e-02
2.964280173182487488e-02
2.491421625018119812e-02
2.426224760711193085e-02
1.589171402156352997e-02
7.321262266486883163e-03
8.811282925307750702e-03
6.884946953505277634e-03
