4.797635227441787720e-02
5.099242553114891052e-02
6.312002986669540405e-02
8.504857867956161499e-02
8.103780448436737061e-02
7.056016474962234497e-02
9.493204206228256226e-02
1.237915828824043274e-01
1.316783279180526733e-01
1.270351558923721313e-01
1.544594913721084595e-01
1.966646164655685425e-01
2.449128180742263794e-01
3.046428859233856201e-01
3.679397702217102051e-01
4.445984661579132080e-01
5.642983913421630859e-01
7.952644228935241699e-01
1.020563840866088867e+00
1.191212058067321777e+00
1.274215698242187500e+00
1.389904975891113281e+00
1.748311519622802734e+00
2.106264591217041016e+00
2.273058652877807617e+00
2.314470291137695312e+00
2.390671014785766602e+00
2.552249193191528320e+00
2.604757308959960938e+00
2.579083442687988281e+00
2.513216972351074219e+00
2.191699504852294922e+00
1.740317940711975098e+00
1.327625155448913574e+00
1.080435395240783691e+00
7.634363770484924316e-01
5.460760593414306641e-01
4.846184849739074707e-01
4.160046279430389404e-01
3.428569734096527100e-01
4.111671447753906250e-01
5.719845294952392578e-01
7.336409091949462891e-01
1.040819883346557617e+00
1.251362562179565430e+00
1.225448846817016602e+00
1.045238375663757324e+00
9.490306377410888672e-01
9.471850395202636719e-01
1.050315141677856445e+00
1.193880796432495117e+00
1.311414480209350586e+00
1.378213763236999512e+00
1.323698997497558594e+00
1.044182777404785156e+00
6.684980988502502441e-01
3.635460734367370605e-01
2.045827656984329224e-01
1.345070004463195801e-01
8.798418194055557251e-02
6.499370932579040527e-02
5.582679808139801025e-02
4.567604139447212219e-02
3.898977115750312805e-02
3.573106601834297180e-02
2.608272619545459747e-02
8.226413279771804810e-03
2.269363496452569962e-03
8.392333938900264911e-07
0.000000000000000000e+00
0.000000000000000000e+00
1.525878872143948684e-07
0.000000000000000000e+00
0.000000000000000000e+00
0.000000000000000000e+00
0.000000000000000000e+00
0.000000000000000000e+00
0.000000000000000000e+00
0.000000000000000000e+00
0.000000000000000000e+00
0.000000000000000000e+00
5.979537963867187500e-04
3.409042255952954292e-03
7.933998480439186096e-03
1.098594628274440765e-02
9.639053605496883392e-03
7.553215138614177704e-03
7.158813532441854477e-03
4.859886132180690765e-03
1.270904554985463619e-03
1.869201696536038071e-05
0.000000000000000000e+00
0.000000000000000000e+00
0.000000000000000000e+00
0.000000000000000000e+00
0.000000000000000000e+00
0.000000000000000000e+00
0.000000000000000000e+00
0.000000000000000000e+00
0.000000000000000000e+00
0.000000000000000000e+00
0.000000000000000000e+00
0.000000000000000000e+00
0.000000000000000000e+00
0.000000000000000000e+00
0.000000000000000000e+00
1.822662306949496269e-04
8.278274326585233212e-04
3.602294949814677238e-03
6.252212449908256531e-03
6.305770948529243469e-03
3.058318980038166046e-03
8.415222400799393654e-04
3.051757744287897367e-07
0.000000000000000000e+00
0.000000000000000000e+00
0.000000000000000000e+00
0.000000000000000000e+00
0.000000000000000000e+00
0.000000000000000000e+00
0.000000000000000000e+00
0.000000000000000000e+00
0.000000000000000000e+00
0.000000000000000000e+00
0.000000000000000000e+00
0.000000000000000000e+00
0.000000000000000000e+00
0.000000000000000000e+00
0.000000000000000000e+00
0.000000000000000000e+00
0.000000000000000000e+00
3.128051685052923858e-05
1.401290879584848881e-03
2.575607271865010262e-03
5.040435586124658585e-03
2.628250047564506531e-03
4.842376802116632462e-04
0.000000000000000000e+00
0.000000000000000000e+00
0.000000000000000000e+00
0.000000000000000000e+00
0.000000000000000000e+00
0.000000000000000000e+00
0.000000000000000000e+00
0.000000000000000000e+00
0.000000000000000000e+00
0.000000000000000000e+00
0.000000000000000000e+00
0.000000000000000000e+00
0.000000000000000000e+00
0.000000000000000000e+00
0.000000000000000000e+00
0.000000000000000000e+00
0.000000000000000000e+00
0.000000000000000000e+00
6.340027175610885024e-05
2.411575289443135262e-03
2.511367900297045708e-03
1.281662029214203358e-03
9.160613990388810635e-04
2.388248452916741371e-03
7.033081259578466415e-03
1.022886298596858978e-02
1.024173758924007416e-02
1.298845279961824417e-02
1.784124411642551422e-02
1.196790672838687897e-02
5.493049509823322296e-03
1.335601788014173508e-03
2.794437343254685402e-03
3.350086277350783348e-03
6.339359097182750702e-03
1.088594458997249603e-02
1.590385474264621735e-02
1.026283297687768936e-02
2.085971878841519356e-03
2.267837589897681028e-05
2.039489801973104477e-03
1.521266903728246689e-02
3.119632788002490997e-02
7.804431766271591187e-02
1.519552618265151978e-01
1.921271085739135742e-01
1.933529525995254517e-01
9.667247533798217773e-02
5.254085361957550049e-02
1.575944945216178894e-02
4.789810162037611008e-03
8.498001261614263058e-04
1.974391983821988106e-03
4.807662917301058769e-04
2.002868568524718285e-03
1.565494574606418610e-03
1.573238405399024487e-03
2.033157274127006531e-03
1.296270359307527542e-02
2.475860528647899628e-02
1.572702452540397644e-02
7.011699490249156952e-03
1.173229189589619637e-03
5.217762198299169540e-03
1.281013526022434235e-02
3.517455980181694031e-02
6.637168675661087036e-02
1.070721074938774109e-01
1.488827168941497803e-01
2.016710340976715088e-01
2.459980398416519165e-01
2.355214059352874756e-01
1.468602120876312256e-01
9.348394721746444702e-02
1.036541387438774109e-01
1.447065025568008423e-01
2.232366949319839478e-01
2.644981145858764648e-01
3.147800564765930176e-01
4.728719592094421387e-01
8.049286603927612305e-01
1.145858287811279297e+00
1.469049692153930664e+00
1.807773113250732422e+00
2.048718929290771484e+00
2.089630842208862305e+00
2.013399600982666016e+00
1.885390281677246094e+00
1.742096304893493652e+00
1.681228041648864746e+00
1.737252354621887207e+00
1.784230947494506836e+00
1.678328990936279297e+00
1.416536808013916016e+00
1.151466012001037598e+00
9.667635560035705566e-01
7.689394950866699219e-01
5.321331620216369629e-01
3.479023873805999756e-01
2.477407455444335938e-01
1.843840479850769043e-01
1.696259379386901855e-01
1.609697341918945312e-01
1.310175359249114990e-01
1.058863848447799683e-01
1.134936138987541199e-01
1.168833523988723755e-01
1.294180750846862793e-01
1.267056316137313843e-01
8.102096617221832275e-02
5.036365613341331482e-02
4.844905808568000793e-02
6.672641634941101074e-02
1.029873639345169067e-01
1.725766807794570923e-01
2.361417412757873535e-01
2.866192758083343506e-01
3.627793192863464355e-01
3.968735039234161377e-01
3.570981919765472412e-01
2.429878264665603638e-01
9.202735871076583862e-02
4.422691464424133301e-02
4.962017014622688293e-02
6.005012616515159607e-02
7.003044337034225464e-02
7.383422553539276123e-02
6.431678682565689087e-02
3.340717405080795288e-02
2.059352956712245941e-02
1.147151924669742584e-02
5.365905817598104477e-03
3.291625995188951492e-03
2.087856270372867584e-02
5.759346112608909607e-02
1.173552721738815308e-01
1.816638559103012085e-01
3.095044791698455811e-01
4.532110989093780518e-01
6.218751668930053711e-01
7.272756695747375488e-01
8.347377777099609375e-01
1.021556735038757324e+00
1.069197773933410645e+00
9.466902017593383789e-01
5.575746893882751465e-01
3.025915920734405518e-01
1.705611050128936768e-01
7.513267546892166138e-02
6.335620582103729248e-02
3.791175782680511475e-02
2.956264466047286987e-02
3.231216594576835632e-02
3.386348858475685120e-02
4.054626449942588806e-02
3.944648802280426025e-02
3.434459865093231201e-02
3.503776714205741882e-02
7.051505893468856812e-02
8.157642185688018799e-02
8.874736726284027100e-02
1.032871976494789124e-01
1.218569949269294739e-01
1.523770093917846680e-01
1.884601265192031860e-01
2.964499592781066895e-01
3.663323223590850830e-01
3.039087355136871338e-01
2.565451860427856445e-01
1.815747022628784180e-01
1.522822231054306030e-01
1.746371388435363770e-01
2.650455832481384277e-01
3.318631649017333984e-01
3.106260001659393311e-01
2.119586914777755737e-01
1.319536566734313965e-01
1.286062598228454590e-01
1.439817845821380615e-01
1.512184590101242065e-01
1.777521967887878418e-01
1.949427425861358643e-01
2.435460686683654785e-01
3.406366109848022461e-01
4.272391498088836670e-01
4.133746027946472168e-01
3.190754354000091553e-01
2.263907194137573242e-01
1.316936910152435303e-01
1.162840649485588074e-01
1.081904619932174683e-01
1.606343835592269897e-01
1.716749966144561768e-01
1.369229108095169067e-01
1.149782165884971619e-01
1.071868911385536194e-01
7.554420828819274902e-02
4.444713518023490906e-02
4.814762249588966370e-02
4.809562861919403076e-02
4.537090286612510681e-02
3.445251286029815674e-02
1.571914739906787872e-02
2.278488129377365112e-02
1.543868985027074814e-02
3.077697707340121269e-03
1.723533682525157928e-02
5.088870972394943237e-02
5.766681581735610962e-02
3.945598751306533813e-02
4.299568012356758118e-02
5.116821452975273132e-02
6.691749393939971924e-02
5.573444440960884094e-02
6.410820037126541138e-02
7.053634524345397949e-02
4.382346943020820618e-02
1.537773106247186661e-02
1.419601496309041977e-03
1.669120742008090019e-03
2.723785489797592163e-02
8.969047665596008301e-02
2.083393931388854980e-01
3.490370810031890869e-01
4.630634784698486328e-01
1.254769802093505859e+00
1.937132000923156738e+00
2.318969011306762695e+00
2.460985422134399414e+00
2.733103036880493164e+00
3.147723436355590820e+00
3.091366291046142578e+00
2.681371450424194336e+00
2.101084232330322266e+00
1.810435771942138672e+00
1.499084591865539551e+00
1.152020215988159180e+00
8.760124444961547852e-01
7.266197800636291504e-01
9.112716913223266602e-01
9.265953302383422852e-01
8.837444782257080078e-01
1.028887748718261719e+00
1.115217566490173340e+00
1.180308818817138672e+00
1.203673958778381348e+00
1.375128984451293945e+00
1.635270714759826660e+00
1.728505969047546387e+00
1.587906599044799805e+00
1.404495358467102051e+00
1.460552573204040527e+00
1.586293816566467285e+00
1.472562313079833984e+00
1.216103553771972656e+00
1.076047182083129883e+00
1.031043887138366699e+00
8.857035040855407715e-01
5.709353685379028320e-01
2.891584038734436035e-01
1.266898363828659058e-01
8.182723820209503174e-02
4.862114042043685913e-02
4.733940213918685913e-02
4.395744204521179199e-02
3.750083968043327332e-02
6.059707701206207275e-02
9.359794855117797852e-02
8.321762084960937500e-02
3.620391711592674255e-02
